 frequency       Tmag            Tphase         
 1.00000000e+00  6.75515329e+01 -9.96954521e-03 
 1.12201845e+00  6.75515287e+01 -1.11860083e-02 
 1.25892541e+00  6.75515312e+01 -1.25509113e-02 
 1.41253754e+00  6.75515353e+01 -1.40823608e-02 
 1.58489319e+00  6.75515352e+01 -1.58006687e-02 
 1.77827941e+00  6.75515360e+01 -1.77286434e-02 
 1.99526231e+00  6.75515258e+01 -1.98918419e-02 
 2.23872114e+00  6.75515282e+01 -2.23190199e-02 
 2.51188643e+00  6.75515322e+01 -2.50423640e-02 
 2.81838293e+00  6.75515320e+01 -2.80979941e-02 
 3.16227766e+00  6.75515259e+01 -3.15264459e-02 
 3.54813389e+00  6.75515297e+01 -3.53732703e-02 
 3.98107171e+00  6.75515326e+01 -3.96894761e-02 
 4.46683592e+00  6.75515329e+01 -4.45323270e-02 
 5.01187234e+00  6.75515272e+01 -4.99660612e-02 
 5.62341325e+00  6.75515297e+01 -5.60628607e-02 
 6.30957344e+00  6.75515261e+01 -6.29035409e-02 
 7.07945784e+00  6.75515248e+01 -7.05789264e-02 
 7.94328235e+00  6.75515231e+01 -7.91908476e-02 
 8.91250938e+00  6.75515218e+01 -8.88535863e-02 
 1.00000000e+01  6.75515199e+01 -9.96953525e-02 
 1.12201845e+01  6.75515148e+01 -1.11859974e-01 
 1.25892541e+01  6.75515072e+01 -1.25508866e-01 
 1.41253754e+01  6.75515010e+01 -1.40823192e-01 
 1.58489319e+01  6.75514975e+01 -1.58006199e-01 
 1.77827941e+01  6.75514881e+01 -1.77285737e-01 
 1.99526231e+01  6.75514815e+01 -1.98917801e-01 
 2.23872114e+01  6.75514655e+01 -2.23189146e-01 
 2.51188643e+01  6.75514467e+01 -2.50421965e-01 
 2.81838293e+01  6.75514253e+01 -2.80977603e-01 
 3.16227766e+01  6.75514049e+01 -3.15261644e-01 
 3.54813389e+01  6.75513625e+01 -3.53728117e-01 
 3.98107171e+01  6.75513213e+01 -3.96888246e-01 
 4.46683592e+01  6.75512732e+01 -4.45314393e-01 
 5.01187234e+01  6.75512045e+01 -4.99648314e-01 
 5.62341325e+01  6.75511156e+01 -5.60610734e-01 
 6.30957344e+01  6.75510088e+01 -6.29010452e-01 
 7.07945784e+01  6.75508750e+01 -7.05754131e-01 
 7.94328235e+01  6.75507002e+01 -7.91858408e-01 
 8.91250938e+01  6.75504896e+01 -8.88465531e-01 
 1.00000000e+02  6.75502184e+01 -9.96853939e-01 
 1.12201845e+02  6.75498781e+01 -1.11845930e+00 
 1.25892541e+02  6.75494471e+01 -1.25489034e+00 
 1.41253754e+02  6.75489062e+01 -1.40795157e+00 
 1.58489319e+02  6.75482282e+01 -1.57966549e+00 
 1.77827941e+02  6.75473746e+01 -1.77229776e+00 
 1.99526231e+02  6.75463042e+01 -1.98838779e+00 
 2.23872114e+02  6.75449507e+01 -2.23077599e+00 
 2.51188643e+02  6.75432406e+01 -2.50264262e+00 
 2.81838293e+02  6.75410997e+01 -2.80754996e+00 
 3.16227766e+02  6.75384044e+01 -3.14947124e+00 
 3.54813389e+02  6.75350098e+01 -3.53284365e+00 
 3.98107171e+02  6.75307389e+01 -3.96261535e+00 
 4.46683592e+02  6.75253772e+01 -4.44429781e+00 
 5.01187234e+02  6.75186287e+01 -4.98399933e+00 
 5.62341325e+02  6.75101507e+01 -5.58849761e+00 
 6.30957344e+02  6.74994991e+01 -6.26526578e+00 
 7.07945784e+02  6.74861285e+01 -7.02252069e+00 
 7.94328235e+02  6.74693547e+01 -7.86923786e+00 
 8.91250938e+02  6.74483299e+01 -8.81515403e+00 
 1.00000000e+03  6.74219956e+01 -9.87072070e+00 
 1.12201845e+03  6.73890811e+01 -1.10470647e+01 
 1.25892541e+03  6.73479874e+01 -1.23557581e+01 
 1.41253754e+03  6.72968017e+01 -1.38086499e+01 
 1.58489319e+03  6.72332170e+01 -1.54174751e+01 
 1.77827941e+03  6.71544638e+01 -1.71933082e+01 
 1.99526231e+03  6.70573022e+01 -1.91459321e+01 
 2.23872114e+03  6.69380025e+01 -2.12829869e+01 
 2.51188643e+03  6.67923250e+01 -2.36088513e+01 
 2.81838293e+03  6.66156160e+01 -2.61235530e+01 
 3.16227766e+03  6.64029117e+01 -2.88215227e+01 
 3.54813389e+03  6.61491435e+01 -3.16905458e+01 
 3.98107171e+03  6.58494102e+01 -3.47110571e+01 
 4.46683592e+03  6.54992947e+01 -3.78559492e+01 
 5.01187234e+03  6.50952180e+01 -4.10912110e+01 
 5.62341325e+03  6.46347624e+01 -4.43774088e+01 
 6.30957344e+03  6.41168915e+01 -4.76718108e+01 
 7.07945784e+03  6.35420815e+01 -5.09312591e+01 
 7.94328235e+03  6.29122409e+01 -5.41147235e+01 
 8.91250938e+03  6.22305499e+01 -5.71859665e+01 
 1.00000000e+04  6.15011459e+01 -6.01151440e+01 
 1.12201845e+04  6.07287872e+01 -6.28797940e+01 
 1.25892541e+04  5.99185168e+01 -6.54649988e+01 
 1.41253754e+04  5.90753645e+01 -6.78628164e+01 
 1.58489319e+04  5.82041197e+01 -7.00712672e+01 
 1.77827941e+04  5.73091851e+01 -7.20932373e+01 
 1.99526231e+04  5.63944919e+01 -7.39352773e+01 
 2.23872114e+04  5.54634681e+01 -7.56064534e+01 
 2.51188643e+04  5.45190495e+01 -7.71174721e+01 
 2.81838293e+04  5.35637120e+01 -7.84798895e+01 
 3.16227766e+04  5.25995187e+01 -7.97055505e+01 
 3.54813389e+04  5.16281731e+01 -8.08062009e+01 
 3.98107171e+04  5.06510695e+01 -8.17931530e+01 
 4.46683592e+04  4.96693431e+01 -8.26771351e+01 
 5.01187234e+04  4.86839135e+01 -8.34681823e+01 
 5.62341325e+04  4.76955219e+01 -8.41755649e+01 
 6.30957344e+04  4.67047650e+01 -8.48078077e+01 
 7.07945784e+04  4.57121212e+01 -8.53726838e+01 
 7.94328235e+04  4.47179732e+01 -8.58772307e+01 
 8.91250938e+04  4.37226273e+01 -8.63278484e+01 
 1.00000000e+05  4.27263277e+01 -8.67302777e+01 
 1.12201845e+05  4.17292693e+01 -8.70897109e+01 
 1.25892541e+05  4.07316073e+01 -8.74107962e+01 
 1.41253754e+05  3.97334653e+01 -8.76977218e+01 
 1.58489319e+05  3.87349417e+01 -8.79542324e+01 
 1.77827941e+05  3.77361147e+01 -8.81836945e+01 
 1.99526231e+05  3.67370467e+01 -8.83891255e+01 
 2.23872114e+05  3.57377871e+01 -8.85732299e+01 
 2.51188643e+05  3.47383752e+01 -8.87384359e+01 
 2.81838293e+05  3.37388423e+01 -8.88869261e+01 
 3.16227766e+05  3.27392132e+01 -8.90206648e+01 
 3.54813389e+05  3.17395078e+01 -8.91414200e+01 
 3.98107171e+05  3.07397415e+01 -8.92507911e+01 
 4.46683592e+05  2.97399270e+01 -8.93502267e+01 
 5.01187234e+05  2.87400740e+01 -8.94410446e+01 
 5.62341325e+05  2.77401904e+01 -8.95244492e+01 
 6.30957344e+05  2.67402824e+01 -8.96015450e+01 
 7.07945784e+05  2.57403548e+01 -8.96733550e+01 
 7.94328235e+05  2.47404116e+01 -8.97408323e+01 
 8.91250938e+05  2.37404557e+01 -8.98048711e+01 
 1.00000000e+06  2.27404895e+01 -8.98663210e+01 
 1.12201845e+06  2.17405148e+01 -8.99259976e+01 
 1.25892541e+06  2.07405330e+01 -8.99846926e+01 
 1.41253754e+06  1.97405450e+01 -9.00431844e+01 
 1.58489319e+06  1.87405514e+01 -9.01022496e+01 
 1.77827941e+06  1.77405527e+01 -9.01626715e+01 
 1.99526231e+06  1.67405488e+01 -9.02252518e+01 
 2.23872114e+06  1.57405396e+01 -9.02908213e+01 
 2.51188643e+06  1.47405245e+01 -9.03602497e+01 
 2.81838293e+06  1.37405028e+01 -9.04344581e+01 
 3.16227766e+06  1.27404733e+01 -9.05144314e+01 
 3.54813389e+06  1.17404344e+01 -9.06012304e+01 
 3.98107171e+06  1.07403842e+01 -9.06960069e+01 
 4.46683592e+06  9.74031977e+00 -9.08000184e+01 
 5.01187234e+06  8.74023785e+00 -9.09146445e+01 
 5.62341325e+06  7.74013405e+00 -9.10414061e+01 
 6.30957344e+06  6.74000283e+00 -9.11819844e+01 
 7.07945784e+06  5.73983724e+00 -9.13382442e+01 
 7.94328235e+06  4.73962845e+00 -9.15122576e+01 
 8.91250938e+06  3.73936538e+00 -9.17063321e+01 
 1.00000000e+07  2.73903406e+00 -9.19230407e+01 
 1.12201845e+07  1.73861693e+00 -9.21652557e+01 
 1.25892541e+07  7.38091870e-01 -9.24361865e+01 
 1.41253754e+07 -2.62568905e-01 -9.27394218e+01 
 1.58489319e+07 -1.26340031e+00 -9.30789765e+01 
 1.77827941e+07 -2.26444619e+00 -9.34593435e+01 
 1.99526231e+07 -3.26576155e+00 -9.38855525e+01 
 2.23872114e+07 -4.26741537e+00 -9.43632347e+01 
 2.51188643e+07 -5.26949401e+00 -9.48986948e+01 
 2.81838293e+07 -6.27210545e+00 -9.54989915e+01 
 3.16227766e+07 -7.27538453e+00 -9.61720270e+01 
 3.54813389e+07 -8.27949917e+00 -9.69266468e+01 
 3.98107171e+07 -9.28465802e+00 -9.77727511e+01 
 4.46683592e+07 -1.02911195e+01 -9.87214213e+01 
 5.01187234e+07 -1.12992025e+01 -9.97850646e+01 
 5.62341325e+07 -1.23092991e+01 -1.00977585e+02 
 6.30957344e+07 -1.33218898e+01 -1.02314592e+02 
 7.07945784e+07 -1.43375632e+01 -1.03813671e+02 
 7.94328235e+07 -1.53570433e+01 -1.05494746e+02 
 8.91250938e+07 -1.63812355e+01 -1.07380577e+02 
 1.00000000e+08 -1.74113094e+01 -1.09497417e+02 
 1.12201845e+08 -1.84488502e+01 -1.11875769e+02 
 1.25892541e+08 -1.94961084e+01 -1.14550974e+02 
 1.41253754e+08 -2.05563450e+01 -1.17563209e+02 
 1.58489319e+08 -2.16342089e+01 -1.20956585e+02 
 1.77827941e+08 -2.27360790e+01 -1.24777628e+02 
 1.99526231e+08 -2.38704135e+01 -1.29073783e+02 
 2.23872114e+08 -2.50482958e+01 -1.33891986e+02 
 2.51188643e+08 -2.62844021e+01 -1.39275911e+02 
 2.81838293e+08 -2.75985178e+01 -1.45258933e+02 
 3.16227766e+08 -2.90175268e+01 -1.51848140e+02 
 3.54813389e+08 -3.05773711e+01 -1.58992070e+02 
 3.98107171e+08 -3.23233607e+01 -1.66521605e+02 
 4.46683592e+08 -3.43046040e+01 -1.74054027e+02 
 5.01187234e+08 -3.65534493e+01 -1.80870331e+02 
 5.62341325e+08 -3.90355040e+01 -1.85857378e+02 
 6.30957344e+08 -4.15670955e+01 -1.87819112e+02 
 7.07945784e+08 -4.37846319e+01 -1.86614743e+02 
 7.94328235e+08 -4.53736730e+01 -1.84343110e+02 
 8.91250938e+08 -4.63985445e+01 -1.83911064e+02 
 1.00000000e+09 -4.71671113e+01 -1.86477976e+02 
 1.12201845e+09 -4.79089692e+01 -1.91591883e+02 
 1.25892541e+09 -4.87110961e+01 -1.98426109e+02 
 1.41253754e+09 -4.95804727e+01 -2.06321595e+02 
 1.58489319e+09 -5.04940785e+01 -2.14838597e+02 
 1.77827941e+09 -5.14218530e+01 -2.23690499e+02 
 1.99526231e+09 -5.23354690e+01 -2.32681916e+02 
 2.23872114e+09 -5.32113441e+01 -2.41669124e+02 
 2.51188643e+09 -5.40314763e+01 -2.50538034e+02 
 2.81838293e+09 -5.47834283e+01 -2.59193323e+02 
 3.16227766e+09 -5.54599138e+01 -2.67554063e+02 
 3.54813389e+09 -5.60581479e+01 -2.75552749e+02 
 3.98107171e+09 -5.65790460e+01 -2.83135717e+02 
 4.46683592e+09 -5.70263472e+01 -2.90263672e+02 
 5.01187234e+09 -5.74057428e+01 -2.96911667e+02 
 5.62341325e+09 -5.77240799e+01 -3.03068284e+02 
 6.30957344e+09 -5.79886938e+01 -3.08734098e+02 
 7.07945784e+09 -5.82068935e+01 -3.13919654e+02 
 7.94328235e+09 -5.83856026e+01 -3.18643242e+02 
 8.91250938e+09 -5.85311375e+01 -3.22928723e+02 
 1.00000000e+10 -5.86490974e+01 -3.26803558e+02 
 1.12201845e+10 -5.87443348e+01 -3.30297170e+02 
 1.25892541e+10 -5.88209806e+01 -3.33439630e+02 
 1.41253754e+10 -5.88825027e+01 -3.36260681e+02 
 1.58489319e+10 -5.89317791e+01 -3.38789042e+02 
 1.77827941e+10 -5.89711771e+01 -3.41051945e+02 
 1.99526231e+10 -5.90026298e+01 -3.43074861e+02 
 2.23872114e+10 -5.90277066e+01 -3.44881356e+02 
 2.51188643e+10 -5.90476757e+01 -3.46493056e+02 
 2.81838293e+10 -5.90635575e+01 -3.47929670e+02 
 3.16227766e+10 -5.90761706e+01 -3.49209066e+02 
 3.54813389e+10 -5.90861693e+01 -3.50347370e+02 
 3.98107171e+10 -5.90940753e+01 -3.51359083e+02 
 4.46683592e+10 -5.91003026e+01 -3.52257203e+02 
 5.01187234e+10 -5.91051785e+01 -3.53053346e+02 
 5.62341325e+10 -5.91089600e+01 -3.53757869e+02 
 6.30957344e+10 -5.91118468e+01 -3.54379978e+02 
 7.07945784e+10 -5.91139918e+01 -3.54927834e+02 
 7.94328235e+10 -5.91155089e+01 -3.55408653e+02 
 8.91250938e+10 -5.91164790e+01 -3.55828793e+02 
 1.00000000e+11 -5.91169544e+01 -3.56193835e+02 
 1.12201845e+11 -5.91169615e+01 -3.56508661e+02 
 1.25892541e+11 -5.91165030e+01 -3.56777518e+02 
 1.41253754e+11 -5.91155577e+01 -3.57004086e+02 
 1.58489319e+11 -5.91140808e+01 -3.57191540e+02 
 1.77827941e+11 -5.91120022e+01 -3.57342606e+02 
 1.99526231e+11 -5.91092248e+01 -3.57459628e+02 
 2.23872114e+11 -5.91056218e+01 -3.57544630e+02 
 2.51188643e+11 -5.91010342e+01 -3.57599395e+02 
 2.81838293e+11 -5.90952690e+01 -3.57625545e+02 
 3.16227766e+11 -5.90880978e+01 -3.57624646e+02 
 3.54813389e+11 -5.90792596e+01 -3.57598326e+02 
 3.98107171e+11 -5.90684675e+01 -3.57548415e+02 
 4.46683592e+11 -5.90554225e+01 -3.57477091e+02 
 5.01187234e+11 -5.90398396e+01 -3.57387041e+02 
 5.62341325e+11 -5.90214865e+01 -3.57281579e+02 
 6.30957344e+11 -5.90002406e+01 -3.57164704e+02 
 7.07945784e+11 -5.89761630e+01 -3.57040998e+02 
 7.94328235e+11 -5.89495842e+01 -3.56915297e+02 
 8.91250938e+11 -5.89211877e+01 -3.56792003e+02 
 1.00000000e+12 -5.88920633e+01 -3.56673990e+02 
